=== ROUND n° 0 ===
# birds = 15
BIRD n° 0 :
99 7 7 7 1 9 3 3 3 3 8 8 1 3 3 1 3 3 8 8 8 8 7 8 7 9 3 1 1 3 1 3 3 3 3 6 1 1 7 8 8 7 7 8 8 8 8 8 8 8 7 8 7 8 2 8 8 8 8 8 8 8 2 7 8 8 8 8 8 8 8 8 8 8 8 8 7 3 3 7 9 9 9 6 3 1 3 1 3 3 3 3 3 1 3 1 1 3 3 3
BIRD n° 1 :
99 2 4 1 1 1 8 8 8 8 8 8 8 8 8 8 7 8 8 8 2 2 8 8 8 8 7 8 7 1 5 8 8 8 7 8 8 2 8 4 4 8 7 8 8 1 1 1 2 1 1 1 4 1 1 1 1 3 8 2 8 7 7 1 4 3 3 3 3 1 4 2 3 3 3 4 4 1 4 4 4 1 1 1 1 4 4 4 8 1 8 8 8 8 8 8 8 8 8 8
BIRD n° 2 :
99 3 3 3 1 3 9 7 1 3 9 3 7 9 7 9 9 7 8 7 7 8 7 7 3 8 7 7 7 9 7 9 1 9 3 9 9 9 3 3 9 9 7 1 3 9 1 1 1 7 1 9 1 1 3 7 7 7 7 8 2 7 8 8 1 7 7 1 3 3 9 9 7 3 7 8 8 8 7 8 6 1 7 9 9 7 9 7 7 9 1 9 9 1 1 9 9 3 9 9
BIRD n° 3 :
99 8 7 7 3 1 7 1 3 1 3 3 3 3 3 3 4 1 3 4 1 1 3 1 6 8 8 8 8 8 8 8 8 8 8 9 3 1 3 7 3 9 7 1 3 3 3 8 8 8 7 8 7 7 7 9 9 3 1 7 9 3 3 1 3 3 1 8 8 8 3 7 8 3 1 3 3 1 1 1 1 8 8 7 7 9 7 3 1 9 3 1 1 3 3 8 8 1 7 3
BIRD n° 4 :
99 1 4 1 1 1 4 1 1 1 2 1 1 1 2 1 2 1 1 2 1 1 8 2 7 2 2 1 7 7 7 8 2 7 8 1 1 8 7 8 8 8 8 8 8 8 8 8 8 8 8 8 8 1 7 8 7 8 4 1 1 1 1 1 2 1 1 1 1 1 4 1 1 1 1 4 1 1 2 1 7 1 1 2 1 1 1 4 1 1 2 4 2 1 2 1 4 3 1 1
BIRD n° 5 :
99 3 3 7 7 7 2 8 8 8 3 3 3 3 3 1 3 3 3 7 1 1 1 9 9 7 3 9 1 3 7 9 1 9 3 1 8 8 1 3 9 1 9 3 7 7 9 1 7 1 7 9 9 2 3 3 3 3 3 1 9 3 7 3 3 3 7 7 9 8 3 1 3 9 9 2 3 3 9 9 3 7 1 1 7 3 9 7 7 3 1 9 1 8 8 1 8 8 3 3
BIRD n° 6 :
99 1 1 1 5 1 2 2 7 1 8 7 8 2 8 8 8 8 8 8 2 8 1 7 8 8 8 2 8 7 2 7 8 8 2 8 7 7 7 7 2 8 7 7 2 8 2 7 8 8 7 8 7 8 3 3 3 3 3 3 3 8 8 8 8 8 8 1 2 7 8 8 7 2 8 2 2 8 1 1 2 1 1 1 1 1 1 1 1 1 1 4 1 1 1 4 4 1 1 4
BIRD n° 7 :
99 7 1 3 7 9 7 9 8 1 1 8 8 8 1 1 1 1 1 1 1 1 1 1 8 8 8 1 8 7 8 8 8 1 1 2 1 2 2 7 8 8 8 7 7 1 7 8 1 1 2 1 5 1 1 1 2 9 3 3 3 1 3 7 7 1 3 7 7 8 1 1 1 2 1 1 1 1 2 1 8 8 8 9 3 7 7 7 3 7 7 1 7 1 7 1 7 9 1 1
BIRD n° 8 :
99 9 9 1 7 7 1 9 1 7 3 1 1 1 7 7 8 7 8 8 8 7 1 1 1 1 1 1 1 1 3 3 7 1 7 1 7 9 1 7 1 7 3 1 7 1 7 7 9 3 7 7 1 9 8 9 7 1 1 7 8 8 8 1 2 1 1 1 1 1 9 7 3 9 3 7 8 2 8 1 8 8 7 1 2 7 8 7 7 1 2 1 1 1 1 2 1 1 2 8
BIRD n° 9 :
99 7 7 8 8 3 9 1 9 7 1 9 3 9 9 7 9 3 7 9 7 8 7 3 1 3 3 3 3 3 3 3 3 1 3 3 1 3 3 1 3 1 3 3 3 7 7 7 9 9 1 7 9 3 9 3 3 7 7 8 8 3 3 6 3 3 1 7 1 9 8 7 8 8 3 3 3 3 1 3 1 1 3 3 3 1 3 3 3 3 3 3 3 3 3 3 3 1 3 3
BIRD n° 10 :
99 1 3 7 1 3 3 3 3 1 1 1 3 6 3 1 3 3 1 3 3 4 6 3 1 3 1 1 3 3 3 1 3 3 8 8 1 1 1 3 1 3 3 1 3 3 8 8 8 8 8 8 7 8 8 1 8 8 8 8 8 7 7 8 8 8 8 8 8 8 8 8 8 8 8 8 8 8 8 8 8 1 8 8 8 8 7 3 1 7 1 1 1 3 3 1 3 6 3 3
BIRD n° 11 :
99 8 8 8 8 7 3 3 3 3 3 3 3 3 6 6 3 6 3 3 3 4 2 4 4 3 3 6 3 6 3 6 4 4 1 4 2 1 7 8 8 7 2 8 1 3 3 3 3 2 1 7 8 8 7 8 8 2 8 8 8 8 2 8 8 7 2 8 8 8 8 1 7 8 2 8 8 8 8 8 7 2 8 8 1 8 8 8 8 8 8 2 8 8 7 8 8 4 5 8
BIRD n° 12 :
99 9 1 1 3 3 1 9 7 7 3 9 3 7 7 8 8 1 8 1 7 3 3 3 3 3 3 3 3 3 7 8 8 1 1 9 9 9 3 2 8 8 8 9 7 9 8 7 9 7 3 7 3 9 9 9 9 1 3 9 8 3 3 3 7 9 7 9 1 9 9 7 9 7 7 7 7 8 2 7 8 1 3 3 1 9 3 1 7 3 9 9 1 7 2 1 8 8 7 9
BIRD n° 13 :
99 1 2 2 2 1 7 7 7 7 8 1 1 4 1 1 1 1 1 1 1 1 1 1 1 2 1 2 1 1 1 1 4 2 1 2 1 2 1 1 1 1 1 1 1 1 4 1 1 2 1 1 2 1 2 2 2 8 8 8 2 8 8 8 8 8 1 8 7 7 7 8 7 8 2 7 7 8 8 7 8 1 7 8 7 8 8 2 8 8 7 8 1 1 1 7 8 7 1 7
BIRD n° 14 :
99 1 3 7 9 1 7 9 3 7 1 1 9 2 1 1 1 1 1 1 1 1 1 8 2 7 2 1 8 8 8 7 8 8 7 7 8 8 7 8 8 7 7 2 8 7 1 1 3 3 7 7 3 1 9 7 3 7 9 8 1 7 3 1 3 7 7 8 8 7 3 7 7 1 8 8 8 1 8 8 8 8 1 1 1 1 1 1 1 1 7 8 2 1 1 2 8 8 2 1
My score: 0
GUESS: pigeon pigeon pigeon pigeon pigeon pigeon pigeon pigeon pigeon pigeon pigeon pigeon pigeon pigeon pigeon
We guessed 15/15 = 100 %
RVEAL: blackStork snipe skylark blackStork raven skylark raven pigeon pigeon skylark blackStork snipe skylark raven pigeon
My score: -9
=== ROUND n° 1 ===
# birds = 13
BIRD n° 0 :
99 1 1 5 1 4 4 1 1 1 1 1 2 8 8 7 2 1 7 1 3 3 3 3 3 3 3 3 1 8 8 8 7 2 8 1 7 7 8 7 1 8 8 7 8 1 7 2 8 8 8 8 8 2 7 3 3 3 3 3 3 3 3 7 8 7 7 2 2 7 7 8 7 3 8 7 8 2 7 8 2 8 7 8 1 8 8 2 8 7 7 3 3 3 3 2 2 1 4 1
BIRD n° 1 :
99 8 8 8 8 3 7 9 7 9 8 8 8 7 7 8 7 8 8 8 8 8 8 8 7 8 8 8 7 7 2 6 6 8 6 3 3 3 3 3 3 6 3 3 3 3 3 4 6 4 3 1 4 1 3 3 3 3 4 1 1 6 1 4 6 3 9 1 3 9 3 9 9 9 3 1 3 9 7 7 3 3 3 6 3 6 8 8 8 8 7 3 1 3 3 3 4 6 6 6
BIRD n° 2 :
99 7 9 9 9 7 3 9 1 9 7 3 8 3 3 3 3 3 6 6 3 3 1 3 3 3 3 3 3 9 9 9 9 3 1 7 2 7 1 3 1 3 3 3 3 3 1 3 3 3 3 9 1 7 8 8 8 8 7 8 3 3 3 7 3 1 8 8 8 7 3 6 7 1 1 7 8 8 7 8 8 8 8 8 8 9 7 9 7 9 7 7 7 2 8 7 8 7 3 7
BIRD n° 3 :
99 9 8 8 8 8 8 8 8 8 8 3 3 3 3 1 1 3 3 7 8 8 8 7 8 7 3 9 3 7 7 7 7 3 9 7 1 7 1 3 8 8 8 8 8 7 8 8 7 8 8 8 7 8 8 8 7 8 2 8 8 8 8 7 8 2 8 8 8 8 8 8 8 7 8 8 8 8 2 8 8 8 8 8 8 8 2 8 8 8 8 8 8 7 8 8 8 7 1 9
BIRD n° 4 :
99 8 8 8 3 3 9 3 8 8 8 8 8 3 3 3 4 8 8 8 7 8 8 8 8 3 3 3 3 1 3 1 3 1 1 3 8 1 8 8 8 8 8 2 8 8 8 7 8 8 8 8 8 8 8 8 8 8 8 8 1 3 3 6 3 3 3 1 6 3 1 3 1 8 8 8 8 8 8 8 8 7 8 8 8 8 8 8 1 8 8 2 8 8 7 8 8 8 3 4
BIRD n° 5 :
99 8 7 7 8 8 7 8 7 7 8 8 8 8 2 8 8 7 8 8 8 2 8 8 2 2 8 1 1 2 4 1 1 1 1 2 1 1 1 1 1 1 4 1 1 1 4 1 1 4 1 4 1 1 4 1 1 1 4 1 1 1 1 2 1 1 2 1 1 4 2 1 8 8 2 8 8 1 7 8 2 7 3 3 3 3 3 3 8 8 7 8 7 2 8 7 8 8 1 4
BIRD n° 6 :
99 1 1 4 1 1 1 1 1 4 1 1 1 1 1 1 8 8 7 8 8 7 8 7 2 7 7 8 7 2 2 8 2 8 7 1 2 2 1 8 8 7 8 1 7 2 7 8 7 8 8 8 2 8 2 8 8 8 8 7 8 2 8 7 8 7 8 7 8 8 3 8 8 2 1 7 8 2 8 8 8 8 7 8 2 8 8 8 8 8 8 7 8 2 8 2 8 1 1 1
BIRD n° 7 :
99 7 3 3 9 9 9 9 3 1 9 7 3 7 3 9 2 8 7 1 3 8 8 1 8 8 7 3 1 8 8 8 8 8 8 8 8 7 2 8 8 8 8 8 8 8 8 8 2 7 2 7 8 8 8 8 8 8 1 3 3 8 1 1 1 3 1 8 2 8 8 3 3 3 1 8 1 7 9 3 3 3 8 3 1 3 1 1 3 1 3 3 8 8 8 9 9 3 4 3
BIRD n° 8 :
99 3 6 3 3 6 3 3 1 3 6 1 3 3 3 3 8 3 3 4 3 3 1 1 6 3 3 3 1 3 1 1 3 3 3 8 8 7 8 8 8 8 1 1 7 1 3 3 1 1 1 1 3 1 6 3 8 8 8 8 8 8 8 8 3 1 8 8 3 3 1 3 1 1 3 3 8 8 8 8 8 8 8 8 1 3 1 3 6 3 3 8 8 8 1 3 3 3 6 3
BIRD n° 9 :
99 3 3 3 3 3 3 6 3 4 8 9 9 3 8 3 6 3 4 3 3 6 1 6 3 3 3 3 4 3 3 6 3 3 3 6 1 6 3 8 8 3 3 1 8 8 8 7 7 1 3 3 1 3 3 3 3 3 3 3 3 3 3 6 6 1 1 1 3 3 3 8 3 3 3 3 3 6 3 3 6 3 1 3 1 6 3 3 1 6 7 3 3 3 3 7 7 1 7 3
BIRD n° 10 :
99 8 8 8 2 8 7 8 2 8 8 7 8 7 7 7 1 8 1 7 1 7 8 7 7 7 7 8 8 8 2 7 8 8 2 1 2 8 1 8 1 1 1 1 1 2 1 4 1 1 1 1 1 1 1 1 1 4 2 4 1 1 1 1 1 1 1 1 1 1 1 1 1 1 1 4 1 7 1 8 7 2 3 3 3 3 2 8 8 8 7 8 2 8 1 1 1 1 1 1
BIRD n° 11 :
99 8 9 2 7 3 3 7 1 9 7 7 3 3 3 3 3 7 7 1 7 7 1 7 2 8 8 1 3 3 3 3 1 9 8 8 1 7 8 3 3 3 3 3 3 3 1 9 1 8 8 7 7 9 9 7 7 8 7 3 3 3 1 3 9 9 7 7 7 7 1 3 3 9 8 8 7 8 3 1 3 3 3 3 3 9 7 1 7 3 7 3 7 3 7 9 3 9 3 3
BIRD n° 12 :
99 3 3 3 3 3 1 3 3 1 1 1 8 3 8 7 9 7 9 7 3 1 8 8 8 8 8 8 8 8 2 8 8 8 8 8 7 8 8 8 8 8 8 8 7 8 8 8 7 8 8 7 2 8 8 8 8 8 7 3 3 3 3 3 1 2 8 7 1 1 8 8 7 8 8 8 8 3 8 8 8 2 8 1 1 1 3 1 3 1 3 3 1 3 3 3 3 1 3 1
My score: -9
GUESS: snipe blackStork skylark blackStork blackStork raven raven blackStork blackStork blackStork raven skylark blackStork
We guessed 13/13 = 100 %
RVEAL: raven swallow skylark blackStork blackStork raven raven blackStork blackStork swallow raven skylark blackStork
My score: -2
=== ROUND n° 2 ===
# birds = 14
BIRD n° 0 :
99 4 4 4 3 2 3 3 1 2 1 1 1 4 1 4 4 4 4 6 8 2 8 8 8 8 2 1 1 1 1 1 1 4 3 8 7 8 8 7 8 2 2 8 8 8 8 2 8 2 8 8 8 8 8 1 1 4 4 2 4 4 8 8 8 8 8 8 8 8 8 8 8 7 8 1 8 2 8 8 1 8 7 8 2 8 8 8 2 4 2 1 3 3 3 3 3 3 3 8
BIRD n° 1 :
99 1 3 3 3 3 3 1 1 1 1 1 1 1 1 1 1 1 5 1 1 1 1 8 2 2 8 7 1 3 1 8 8 8 8 2 7 8 8 1 8 6 3 3 3 1 1 3 2 7 8 3 3 3 3 7 8 1 1 5 1 1 1 2 1 1 1 2 1 1 1 2 1 1 2 1 1 1 1 1 2 1 1 1 1 1 5 1 2 2 8 1 1 1 1 1 1 4 4 2
BIRD n° 2 :
99 3 1 7 7 1 1 1 1 1 1 7 8 8 8 7 8 8 2 2 8 7 8 8 8 7 8 2 2 1 1 1 1 1 1 1 3 9 1 3 7 7 7 1 1 1 7 7 9 1 9 9 8 1 8 7 2 2 1 1 8 8 8 7 1 7 8 8 8 8 1 8 8 7 1 1 1 3 3 9 7 3 1 3 1 1 3 1 3 2 7 1 7 8 7 8 2 2 2 7
BIRD n° 3 :
99 9 1 3 9 1 7 7 1 2 1 2 1 1 1 1 1 1 1 1 1 1 1 1 1 1 7 8 1 9 7 1 9 1 1 3 3 7 1 7 7 9 1 7 1 9 3 1 3 3 1 3 8 8 2 1 1 1 1 1 1 2 3 1 3 7 7 7 3 1 1 7 8 2 1 1 1 1 1 2 2 1 1 8 2 2 1 1 3 1 1 7 1 3 7 9 7 7 3 1
BIRD n° 4 :
99 9 7 7 9 2 8 9 9 9 9 8 1 7 8 8 8 3 3 3 3 3 3 3 1 3 3 3 3 3 7 8 2 8 8 3 9 7 9 9 9 3 9 7 9 7 8 8 8 8 7 8 7 7 7 7 8 9 7 9 7 8 2 7 8 8 1 8 1 8 7 3 7 1 3 9 8 1 3 7 9 7 7 3 3 3 3 7 9 9 1 3 9 3 1 7 9 9 9 9
BIRD n° 5 :
99 2 8 1 8 8 7 7 7 2 1 1 1 1 2 2 2 3 3 3 6 1 3 3 8 8 7 8 8 8 8 8 8 8 7 7 7 1 3 3 3 3 1 1 4 1 1 1 1 1 4 1 1 1 1 1 1 1 1 1 1 1 1 8 8 2 8 7 8 8 1 8 7 2 8 8 8 3 1 8 7 7 8 3 3 3 3 3 3 3 3 3 3 3 3 3 3 3 3 3
BIRD n° 6 :
99 7 7 1 9 1 9 1 1 9 3 9 7 1 7 7 9 7 7 1 9 7 7 7 9 1 3 3 9 3 3 3 1 3 7 2 8 8 2 2 1 1 1 1 1 9 7 1 3 7 1 3 1 7 7 7 7 9 2 8 8 8 1 1 1 1 1 1 1 1 1 1 1 1 1 1 1 7 1 7 2 8 8 1 1 1 2 1 1 2 2 1 1 8 8 1 8 8 8 7
BIRD n° 7 :
99 3 3 3 1 3 3 3 3 3 3 6 3 3 1 1 4 1 3 3 1 3 4 3 3 3 6 1 6 4 3 3 3 6 6 1 3 4 3 4 3 3 3 1 3 3 6 3 6 3 8 8 7 7 9 6 6 3 3 6 3 1 3 3 8 8 3 6 4 6 1 3 3 3 3 3 3 3 6 6 3 1 3 6 3 3 3 3 3 3 1 3 3 6 4 3 4 1 4 3
BIRD n° 8 :
99 3 3 3 3 3 1 6 3 3 3 3 6 3 6 3 3 3 1 1 6 1 3 3 3 3 1 3 1 3 3 3 3 1 3 3 8 8 8 8 8 7 8 8 8 1 3 3 1 3 3 7 8 2 8 8 8 2 7 8 8 8 3 4 1 1 3 3 3 1 1 3 1 8 8 8 8 8 8 3 6 3 3 3 3 1 3 3 3 3 3 3 3 6 3 6 3 6 3 3
BIRD n° 9 :
99 3 3 8 8 2 8 1 8 7 8 1 7 8 8 1 1 1 1 1 2 1 4 4 1 2 1 1 1 1 2 1 4 1 1 1 1 1 8 8 3 3 3 3 3 3 3 3 8 1 1 1 1 2 1 1 1 4 2 1 4 4 2 2 7 1 8 8 7 8 7 7 8 2 7 8 2 8 1 3 3 8 8 8 2 8 8 7 8 7 7 2 8 8 8 2 7 8 8 8
BIRD n° 10 :
99 2 1 1 1 4 1 1 1 5 4 4 2 1 1 4 1 5 1 1 1 1 1 2 1 2 5 1 2 2 7 8 7 8 7 8 7 1 8 2 8 8 8 2 8 1 8 8 8 7 2 7 8 8 8 1 7 2 3 3 3 3 3 3 3 3 3 3 4 1 1 1 2 1 4 2 4 4 2 4 1 2 2 8 8 7 8 8 1 7 8 8 1 2 8 8 8 1 1 7
BIRD n° 11 :
99 4 9 7 7 7 9 6 3 3 3 4 3 1 7 8 8 7 8 8 8 8 8 7 9 3 9 9 1 3 9 1 9 7 7 3 4 3 3 4 4 4 3 3 6 3 3 4 3 1 3 1 4 3 3 3 3 6 3 6 1 6 3 3 4 6 3 1 6 6 6 3 3 1 6 3 3 3 3 9 3 9 8 3 3 6 3 3 3 1 6 3 1 1 3 6 3 3 6 3
BIRD n° 12 :
99 8 1 8 8 1 1 7 8 7 2 8 8 8 8 1 2 1 1 4 1 1 1 1 1 1 1 1 1 2 1 2 4 1 1 2 1 5 1 2 2 1 5 1 1 2 1 4 1 1 2 1 1 4 4 7 8 8 2 7 2 4 1 4 1 1 1 1 8 8 8 8 7 8 1 7 8 8 7 7 7 8 8 8 2 8 8 8 7 7 1 2 7 8 7 8 8 8 7 8
BIRD n° 13 :
99 8 3 1 3 1 6 1 3 3 3 4 3 3 1 1 3 3 3 8 8 8 8 8 8 8 8 8 8 9 7 3 1 7 1 3 3 6 4 3 3 6 3 8 8 8 7 8 8 7 8 1 3 2 7 8 8 8 8 8 8 7 8 7 8 7 8 8 8 8 8 8 7 7 8 8 8 8 8 8 8 8 7 3 8 8 8 2 7 1 9 1 3 3 3 3 3 3 3 8
My score: -2
GUESS: snipe snipe pigeon pigeon skylark blackStork pigeon swallow swallow raven raven swallow raven blackStork
We guessed 14/14 = 100 %
RVEAL: snipe raven pigeon pigeon skylark raven pigeon swallow blackStork raven raven swallow raven blackStork
My score: 6
=== ROUND n° 3 ===
# birds = 19
BIRD n° 0 :
99 9 7 8 7 8 8 2 8 8 1 2 8 8 8 8 1 3 9 3 7 7 3 1 7 1 3 7 9 7 1 1 1 1 1 1 2 1 1 1 8 7 8 8 8 1 2 8 8 7 8 2 1 1 2 1 1 1 1 1 1 1 2 1 1 1 1 3 3 3 1 1 3 1 1 3 7 7 7 1 1 8 2 1 1 1 1 2 3 1 1 7 7 1 1 7 3 7 7 3
BIRD n° 1 :
99 1 1 1 1 1 1 1 1 1 1 7 8 8 1 7 7 9 7 1 8 8 8 8 1 7 9 1 7 9 7 7 1 8 8 8 2 1 1 1 1 2 1 1 1 1 8 7 8 8 7 8 8 7 8 8 8 2 1 1 9 1 3 3 7 7 9 9 3 7 8 1 3 7 1 7 7 8 8 2 2 8 1 8 9 2 7 7 8 8 1 1 2 1 1 1 1 1 1 2
BIRD n° 2 :
99 1 1 7 8 1 7 7 8 7 7 7 8 8 8 8 7 2 3 3 3 6 3 4 3 3 3 3 3 3 3 3 3 3 7 7 8 3 3 3 3 3 3 3 3 3 3 3 3 3 8 8 8 8 8 8 8 8 2 7 2 2 8 7 7 7 7 7 8 3 3 7 7 8 8 1 7 8 7 8 7 7 2 8 8 8 2 7 8 1 8 8 8 7 2 8 1 8 2 8
BIRD n° 3 :
99 8 6 6 3 3 3 6 3 3 3 3 3 3 6 3 3 3 3 3 3 3 6 3 3 3 6 3 8 1 1 4 4 4 1 1 2 1 4 1 1 1 1 1 5 1 5 4 4 3 3 2 1 1 8 8 8 8 8 8 8 8 8 1 4 4 1 1 1 1 1 1 2 1 2 1 1 1 1 1 1 5 1 4 6 8 8 8 8 8 8 8 4 2 3 8 8 8 2 7
BIRD n° 4 :
99 7 7 1 9 3 8 8 8 7 8 8 8 8 2 8 8 1 7 7 1 7 1 9 3 7 7 1 2 7 8 2 7 2 7 1 1 1 1 1 1 1 1 2 1 8 7 7 8 8 2 1 1 1 1 2 1 1 1 1 9 7 7 7 7 1 7 3 3 1 3 9 1 9 9 9 9 1 1 1 7 8 8 2 1 1 1 1 2 8 8 8 8 1 1 1 1 1 8 8
BIRD n° 5 :
99 9 9 3 6 3 3 1 3 9 9 1 3 1 3 9 9 9 1 9 7 3 3 3 3 3 1 3 9 9 9 7 7 3 3 3 3 6 3 3 1 3 1 7 3 7 7 3 9 7 1 3 1 1 8 1 8 8 8 7 7 7 2 8 2 2 7 7 1 9 9 9 9 9 9 9 1 1 9 7 7 9 3 9 8 3 3 3 3 3 9 9 1 7 7 2 3 1 1 7
BIRD n° 6 :
99 4 1 4 2 4 1 4 1 1 1 4 2 3 4 4 4 1 1 1 1 1 1 1 2 1 4 1 1 1 1 1 1 3 1 2 1 1 1 2 5 6 3 8 8 1 1 1 1 1 4 1 1 1 1 1 1 1 2 1 1 1 1 6 3 8 8 8 8 7 8 1 1 2 1 1 4 2 1 2 2 4 1 8 7 8 8 8 8 8 8 7 8 8 1 8 8 8 8 8
BIRD n° 7 :
99 7 3 6 3 1 1 4 1 1 1 2 1 4 1 2 1 1 1 1 1 7 8 1 1 7 8 8 1 8 8 1 5 1 1 2 7 8 7 8 7 8 8 7 8 2 7 7 2 8 1 2 8 8 8 8 8 8 7 7 7 8 7 8 1 1 1 1 1 1 1 1 1 1 2 1 1 1 1 2 8 2 8 8 8 8 8 8 8 7 1 8 7 2 8 8 8 2 2 1
BIRD n° 8 :
99 8 7 8 8 8 2 8 8 8 7 2 8 7 8 7 1 2 8 1 8 8 8 8 2 3 3 3 8 8 1 8 8 8 8 3 3 3 3 3 3 3 3 3 3 3 3 3 3 3 1 7 7 7 2 1 1 1 1 1 4 1 1 1 4 1 1 4 1 1 2 1 1 1 1 1 2 4 1 1 1 1 1 4 8 8 2 2 3 1 3 3 3 3 3 3 3 3 1 7
BIRD n° 9 :
99 8 7 8 8 8 8 7 7 7 7 3 3 3 3 8 2 8 8 8 1 1 1 1 1 1 1 1 1 1 4 1 1 1 1 1 4 2 2 2 2 1 4 4 1 1 1 4 1 1 4 1 8 1 7 7 7 7 7 3 3 3 1 3 3 3 3 3 6 3 3 3 3 3 3 3 3 1 3 3 3 3 4 1 1 4 1 1 4 1 1 1 2 1 1 1 1 1 2 4
BIRD n° 10 :
99 3 4 3 3 4 3 6 6 6 1 6 3 1 6 4 3 3 6 3 7 8 8 8 8 8 7 8 7 8 8 8 7 8 7 8 8 8 8 8 2 7 8 8 8 3 1 1 8 8 8 3 4 3 1 3 3 3 1 6 1 4 6 4 3 3 6 6 1 3 3 3 8 7 6 1 7 8 8 8 7 7 8 8 7 8 8 8 8 8 7 8 8 7 8 8 6 6 6 3
BIRD n° 11 :
99 4 6 3 6 3 8 8 8 7 9 7 7 7 3 9 9 3 1 1 3 7 7 8 8 8 8 8 8 6 3 3 3 6 3 1 1 3 4 4 1 3 6 1 3 6 3 1 4 8 3 9 7 1 9 7 7 9 7 3 6 6 6 3 6 4 3 3 3 6 3 1 3 8 7 8 7 8 7 8 8 8 7 8 8 8 7 8 8 8 8 8 9 9 9 3 9 9 7 3
BIRD n° 12 :
99 3 4 6 3 1 4 4 3 3 1 3 7 8 8 3 1 3 3 3 3 1 3 3 3 3 3 3 4 6 3 1 3 3 6 6 3 6 1 6 6 3 3 3 6 6 3 3 3 1 3 3 3 6 4 3 6 1 6 3 3 6 3 3 6 3 3 8 8 8 8 8 7 8 7 8 1 8 8 8 8 8 8 8 8 8 8 8 8 8 8 8 7 7 8 8 8 2 8 7
BIRD n° 13 :
99 3 3 3 3 3 3 6 1 3 1 3 3 3 3 4 3 8 8 3 3 3 3 3 3 8 8 7 7 7 7 8 7 7 8 8 8 8 8 1 8 8 8 7 8 8 7 1 9 7 3 3 8 7 9 6 3 3 6 6 6 3 3 3 1 6 1 3 6 3 3 3 3 3 8 8 7 8 8 8 8 8 8 8 9 9 3 3 7 8 8 6 6 1 3 3 3 3 3 3
BIRD n° 14 :
99 1 1 1 2 1 1 1 1 1 1 1 1 2 2 1 4 4 1 4 4 4 4 1 1 1 1 1 1 4 1 1 1 1 4 1 1 1 1 1 1 1 2 1 1 1 1 1 1 1 1 1 1 1 2 1 1 2 1 1 2 1 1 4 1 1 1 1 2 1 1 1 8 3 3 3 3 1 3 3 3 1 3 3 3 2 8 8 2 8 8 1 8 7 8 8 1 8 2 8
BIRD n° 15 :
99 6 4 6 3 3 3 3 1 3 6 3 3 3 6 3 3 3 3 3 3 3 1 3 3 3 3 3 3 6 6 6 3 3 3 3 3 6 3 4 6 4 1 1 3 6 6 3 3 4 1 6 3 3 1 6 1 6 6 3 3 3 6 6 3 3 1 3 1 3 3 3 3 3 4 3 3 9 3 3 6 6 6 3 3 1 3 3 3 3 6 3 3 6 3 3 3 3 6 3
BIRD n° 16 :
99 8 8 7 8 8 8 2 8 8 8 8 2 2 7 2 1 4 2 1 1 1 1 1 5 1 1 4 1 1 1 2 1 4 3 3 3 3 7 3 4 1 1 2 1 1 1 6 3 6 3 6 2 4 1 1 1 4 3 3 3 3 4 5 1 3 3 3 3 4 1 4 4 1 5 1 3 4 6 3 5 1 1 1 4 5 5 6 3 3 3 3 3 3 3 3 3 6 3 5
BIRD n° 17 :
99 3 3 3 9 9 3 7 3 8 7 8 7 8 7 7 3 3 7 1 9 3 7 7 9 1 7 7 7 3 9 9 9 3 7 8 7 7 8 4 1 3 3 3 3 1 9 3 9 9 9 9 9 9 7 1 9 9 1 9 7 9 7 7 7 7 3 9 7 3 9 3 9 7 1 7 3 9 7 1 8 8 8 8 2 7 9 1 7 9 9 2 7 7 8 8 1 8 8 7
BIRD n° 18 :
99 8 8 8 8 8 8 8 7 1 8 1 1 3 3 6 3 3 6 3 3 3 8 8 8 8 1 3 3 3 6 3 8 8 8 8 8 8 7 8 8 8 8 2 8 8 8 8 8 8 8 8 8 8 8 8 7 8 8 8 1 5 4 3 3 4 1 1 5 2 1 4 2 1 1 4 3 3 3 6 3 3 4 1 1 1 4 1 3 3 6 3 3 3 2 1 1 4 4 2
My score: 6
GUESS: pigeon pigeon blackStork snipe pigeon skylark raven raven raven raven blackStork swallow swallow blackStork raven swallow snipe blackStork snipe
We guessed 19/19 = 100 %
RVEAL: pigeon pigeon raven snipe pigeon skylark snipe raven raven raven swallow swallow swallow swallow raven swallow snipe skylark snipe
My score: 15
=== ROUND n° 4 ===
# birds = 20
BIRD n° 0 :
99 3 8 8 8 8 8 8 8 3 3 1 3 3 3 8 8 7 2 8 8 8 2 8 8 8 8 8 1 8 2 8 8 6 3 3 1 3 1 3 3 1 8 8 8 8 2 8 1 7 8 3 3 1 6 6 1 1 3 2 3 3 3 3 3 3 3 3 3 3 3 1 3 3 6 8 2 1 8 8 8 7 8 3 3 1 3 3 8 8 8 8 2 8 8 8 8 8 8 3
BIRD n° 1 :
99 8 1 6 3 3 3 3 6 3 3 6 3 3 3 8 8 8 1 8 4 1 1 4 1 1 1 1 5 1 4 4 1 4 1 1 1 2 1 8 1 8 8 7 8 8 8 2 1 1 1 6 2 8 8 8 8 7 2 8 8 2 5 1 4 1 1 1 1 1 1 4 3 1 4 3 6 8 8 8 8 4 4 8 8 4 1 5 1 1 1 1 1 1 1 1 1 1 1 1
BIRD n° 2 :
99 3 7 3 2 8 7 2 3 9 3 9 1 9 9 9 7 8 3 7 1 7 3 9 7 7 7 8 8 3 1 6 3 3 3 9 7 9 1 3 1 9 1 7 1 9 8 7 8 7 8 8 2 8 1 8 9 7 1 7 3 3 1 1 3 6 3 3 3 3 3 3 3 3 3 3 3 3 3 3 3 6 3 3 3 9 9 3 9 7 3 9 1 9 9 9 3 7 9 7
BIRD n° 3 :
99 9 1 7 9 7 3 7 1 1 9 1 1 7 1 7 7 8 8 8 8 1 1 1 1 1 1 1 1 1 1 9 7 7 9 3 3 9 8 8 8 1 1 1 1 1 1 1 1 7 7 7 1 1 1 1 8 8 2 7 7 7 7 7 8 7 1 9 7 1 9 7 7 9 9 1 3 1 1 1 7 1 9 2 7 1 1 1 1 2 8 2 8 3 1 9 3 3 9 3
BIRD n° 4 :
99 3 9 3 7 3 3 3 3 3 7 9 7 7 3 3 8 3 3 8 4 3 3 1 1 7 3 3 9 9 1 9 7 8 8 8 8 8 8 8 7 8 8 2 7 7 1 1 3 7 9 7 7 9 3 9 9 7 9 7 9 7 9 3 9 3 1 7 7 3 9 7 7 8 2 2 7 8 3 3 3 3 3 3 7 9 1 2 3 1 3 7 3 9 9 8 3 3 3 3
BIRD n° 5 :
99 3 6 6 3 4 3 3 6 3 3 3 3 6 3 3 3 6 3 3 4 3 3 3 1 3 3 3 6 3 3 3 3 3 3 3 1 6 3 3 3 4 3 1 6 3 6 1 4 3 6 3 7 8 7 3 1 9 7 7 6 3 6 3 3 1 3 3 6 4 6 3 6 6 6 3 3 3 3 3 3 3 3 3 3 6 3 3 3 6 3 6 3 6 6 6 1 3 3 6
BIRD n° 6 :
99 1 6 3 3 3 3 4 3 4 3 6 3 3 6 3 6 3 3 1 3 1 4 3 3 3 3 3 6 3 3 3 6 3 3 3 3 3 1 6 3 3 3 3 1 3 6 6 3 3 3 6 4 4 4 3 3 3 3 6 6 3 3 3 3 3 6 1 8 8 8 8 8 8 8 7 8 1 3 6 8 7 8 8 8 8 8 3 6 3 1 1 3 4 3 3 6 1 4 3
BIRD n° 7 :
99 8 8 7 2 7 8 2 2 7 8 8 7 8 7 7 8 8 8 8 8 8 2 8 8 7 8 1 2 2 8 1 8 8 8 7 8 2 8 3 1 5 1 1 1 1 1 2 1 4 1 1 1 1 4 1 1 2 1 4 1 2 2 1 3 3 1 3 3 8 1 1 1 1 2 1 4 4 4 1 1 1 4 2 1 2 1 4 1 1 1 1 1 8 7 7 1 1 1 4
BIRD n° 8 :
99 3 3 3 6 3 3 3 6 1 1 1 4 2 4 1 4 1 3 3 3 3 2 1 5 1 4 1 1 1 2 4 4 1 3 3 3 6 6 3 3 6 3 4 4 4 1 3 3 3 6 3 1 5 2 2 2 8 8 2 2 2 8 8 2 8 1 1 2 1 1 1 4 4 3 3 8 8 8 8 7 8 7 8 1 8 2 8 8 8 7 8 8 7 8 7 8 4 2 1
BIRD n° 9 :
99 1 1 2 7 8 2 8 1 1 1 1 1 1 1 8 8 8 7 7 8 8 8 7 7 7 7 9 2 8 7 7 7 8 1 1 1 8 2 8 7 8 8 1 1 4 1 1 1 2 1 1 1 1 1 2 8 7 7 1 1 1 1 1 1 8 7 8 8 7 8 8 7 8 8 7 7 8 8 7 9 3 7 1 8 8 8 7 2 8 8 7 1 1 8 8 2 8 8 1
BIRD n° 10 :
99 1 2 8 8 8 8 2 7 3 1 3 1 8 8 8 8 8 8 8 8 8 8 3 9 3 3 1 1 3 3 1 1 3 8 8 7 8 8 8 7 8 8 8 8 8 8 8 8 3 3 3 1 3 3 8 8 8 8 8 8 8 8 8 8 8 8 8 8 8 8 8 8 7 8 3 8 3 3 1 3 3 2 8 8 6 3 1 3 3 3 3 1 3 1 8 8 8 2 8
BIRD n° 11 :
99 7 7 7 8 8 8 8 8 7 8 1 8 7 1 1 1 1 1 1 2 2 1 1 1 2 1 4 1 1 2 4 2 8 7 1 2 8 8 8 8 2 2 8 2 8 2 8 1 8 2 8 1 7 2 8 7 8 8 8 2 8 8 8 8 7 7 8 8 7 3 3 3 3 3 6 3 3 3 3 3 2 8 7 7 8 7 2 3 3 3 3 3 3 3 8 7 7 1 2
BIRD n° 12 :
99 8 8 8 7 1 3 3 3 7 9 2 7 7 2 8 3 7 1 8 9 7 3 3 1 9 1 3 3 3 3 9 7 9 9 3 7 1 2 3 3 3 9 3 9 9 3 3 9 1 1 7 1 3 9 1 9 3 2 8 8 7 3 2 3 3 3 3 3 3 3 1 3 3 3 3 3 3 1 1 3 3 1 3 3 3 3 3 3 3 7 3 9 3 3 8 7 8 3 3
BIRD n° 13 :
99 1 2 1 4 4 5 1 2 1 1 1 1 8 8 8 8 8 7 8 1 1 3 6 6 6 3 6 6 3 6 3 6 3 3 3 6 3 3 3 6 3 2 5 1 1 1 1 1 1 1 1 4 4 2 1 1 1 1 4 2 1 2 2 1 4 1 1 1 1 4 1 5 1 2 2 1 1 1 1 1 1 1 2 8 5 1 2 2 1 2 1 1 1 1 1 1 1 4 1
BIRD n° 14 :
99 1 1 2 1 1 1 2 1 4 1 4 1 1 2 4 1 1 1 8 8 7 8 1 8 2 7 2 8 8 8 8 7 7 7 8 7 7 8 8 8 8 2 7 8 8 8 7 8 7 7 8 2 7 1 1 1 1 1 4 2 1 1 1 1 1 2 2 2 2 1 1 1 1 1 1 2 1 2 2 4 1 1 1 1 1 1 1 1 1 1 1 1 1 1 1 1 1 4 1
BIRD n° 15 :
99 3 3 8 8 8 8 8 8 7 8 8 8 7 8 8 1 9 9 1 3 1 1 4 1 3 3 8 8 8 8 8 8 8 8 8 8 8 8 8 8 8 8 8 8 8 8 2 8 8 2 2 8 8 8 8 8 8 2 8 2 3 7 7 7 9 1 9 9 3 1 1 3 3 1 3 8 7 9 1 3 3 7 7 7 1 3 1 7 3 7 9 7 6 1 3 3 8 8 8
BIRD n° 16 :
99 1 7 9 3 1 1 1 8 8 8 8 7 2 8 8 8 8 8 8 7 2 8 8 1 1 4 1 1 1 1 1 1 1 2 1 7 8 8 1 7 7 7 7 9 3 7 3 9 7 9 9 3 9 3 3 7 8 8 2 7 1 1 1 1 1 8 2 8 2 8 2 8 1 1 1 1 1 1 1 3 3 3 3 7 7 1 8 7 8 7 9 2 8 1 1 2 1 8 1
BIRD n° 17 :
99 7 8 7 2 3 7 7 1 9 7 1 7 3 1 3 9 8 2 8 8 7 2 8 1 1 8 8 8 2 7 7 8 1 2 8 8 7 8 8 2 2 8 1 8 3 3 3 3 9 7 9 3 1 9 9 8 7 3 3 6 3 3 9 3 7 7 9 9 3 9 9 3 9 3 3 7 7 8 3 3 3 3 7 7 7 3 1 7 8 1 2 8 1 3 1 9 8 7 3
BIRD n° 18 :
99 8 1 1 2 8 8 1 1 1 1 2 4 2 7 2 8 3 1 3 9 1 7 7 8 8 8 8 8 8 7 7 8 2 1 8 1 1 1 1 7 8 8 8 1 8 7 8 8 8 1 1 7 8 7 8 2 8 2 7 2 8 9 7 9 3 9 7 7 7 7 7 1 3 3 1 3 9 1 3 3 7 9 3 1 9 1 7 9 9 3 7 7 1 2 4 1 7 8 8
BIRD n° 19 :
99 1 3 3 6 6 3 3 3 8 8 8 6 1 3 3 3 3 8 3 6 4 3 3 6 6 3 3 6 3 1 3 3 6 1 6 1 3 6 3 3 3 3 6 3 1 6 1 6 3 6 1 3 6 1 3 3 3 6 3 3 3 4 1 3 3 3 1 3 3 1 3 1 3 3 4 6 4 6 3 3 3 1 1 3 3 6 3 3 3 3 3 3 1 3 6 3 6 1 6
My score: 15
GUESS: blackStork snipe skylark pigeon skylark swallow swallow raven snipe blackStork blackStork raven skylark snipe raven blackStork blackStork skylark skylark swallow
We guessed 20/20 = 100 %
RVEAL: blackStork snipe skylark pigeon skylark swallow swallow raven snipe pigeon blackStork raven skylark snipe raven blackStork pigeon skylark pigeon swallow
My score: 29
=== ROUND n° 5 ===
# birds = 14
BIRD n° 0 :
99 8 8 8 8 8 8 2 1 3 6 6 3 6 6 3 3 3 4 6 8 1 4 1 4 8 7 2 1 1 2 4 1 4 4 1 1 1 1 1 1 1 1 1 4 1 1 4 1 4 5 2 2 1 2 1 8 8 8 8 8 8 8 7 8 8 8 2 8 1 8 8 8 8 8 8 3 3 1 4 2 4 8 8 8 8 8 8 2 8 8 8 7 1 8 2 8 8 1 1
BIRD n° 1 :
99 3 3 3 3 3 1 9 1 1 9 3 9 3 3 3 3 3 3 3 3 3 3 3 3 3 3 3 7 3 9 7 1 3 7 7 9 7 8 9 3 7 9 9 1 1 8 8 8 7 8 7 8 7 1 3 3 3 3 3 3 3 3 3 1 3 1 7 3 1 7 9 7 8 8 8 8 1 8 8 1 7 8 8 8 8 7 2 7 7 8 8 3 3 3 7 8 2 8 8
BIRD n° 2 :
99 6 3 3 9 7 2 7 7 1 3 3 3 6 3 3 3 3 3 3 3 3 3 3 3 6 3 3 9 9 8 8 3 3 3 3 3 3 3 3 1 8 7 3 3 3 3 3 7 9 9 7 7 7 3 3 1 3 3 3 3 3 3 3 3 3 1 7 7 1 9 3 1 9 1 2 3 3 3 3 3 3 3 3 3 3 7 3 9 3 7 7 7 9 9 9 7 3 9 8
BIRD n° 3 :
99 8 2 1 7 3 9 1 3 7 3 3 3 3 1 3 3 3 3 3 3 3 6 3 3 3 3 3 3 1 9 9 3 3 9 8 8 7 9 9 3 3 3 7 3 3 7 7 3 3 3 1 9 3 9 3 1 3 9 7 9 7 9 9 7 7 2 7 7 9 9 9 1 9 3 3 9 3 9 3 7 1 7 1 9 3 7 9 7 7 7 3 3 1 9 9 7 7 3 1
BIRD n° 4 :
99 8 7 8 8 8 8 8 8 3 3 3 3 6 4 3 2 8 8 8 3 3 3 3 3 3 1 3 1 7 8 8 8 8 8 8 8 7 2 3 3 1 8 8 8 3 4 8 8 8 8 8 2 8 8 8 7 7 3 8 8 8 8 8 8 8 8 8 8 8 8 8 8 8 8 7 8 8 8 8 8 8 8 1 7 1 1 7 7 7 1 7 1 9 9 1 7 1 3 4
BIRD n° 5 :
99 3 3 3 6 8 8 8 8 8 1 1 4 8 2 8 8 8 8 8 8 8 8 8 8 8 8 2 7 2 8 8 2 1 4 2 5 1 1 1 1 2 1 1 1 4 1 4 1 1 4 1 1 1 1 4 4 4 1 1 1 1 1 8 8 8 8 8 8 8 8 7 7 8 8 8 8 8 1 4 1 3 3 3 3 3 3 6 3 8 8 7 1 1 4 1 4 1 4 4
BIRD n° 6 :
99 6 3 7 8 8 7 8 6 6 8 8 2 7 9 9 7 7 7 9 3 1 8 7 8 3 6 3 1 6 1 3 6 4 3 1 3 3 6 6 1 3 4 3 3 6 1 6 3 4 6 3 3 3 3 3 6 1 3 3 3 1 1 6 6 3 3 7 3 3 3 8 1 9 9 1 3 1 3 3 8 8 8 8 8 8 8 7 3 6 6 3 3 3 3 3 6 3 3 6
BIRD n° 7 :
99 3 3 3 3 3 3 3 4 5 1 1 1 1 2 1 1 1 1 1 1 1 1 1 2 4 4 1 4 1 1 1 1 4 1 2 1 1 1 1 3 2 1 2 4 4 4 1 4 1 4 1 2 4 4 1 2 3 3 3 3 3 1 8 8 8 8 8 1 1 1 1 1 1 2 5 1 1 3 8 4 3 6 3 8 2 8 8 2 1 1 1 3 3 3 3 3 3 3 3
BIRD n° 8 :
99 4 1 1 2 8 2 8 8 8 8 8 8 8 7 2 8 8 1 1 1 1 3 3 3 3 3 3 6 6 3 3 4 1 1 2 8 1 1 1 4 4 1 4 1 5 2 4 4 4 4 2 1 5 3 3 3 3 3 3 3 6 6 3 4 5 1 6 3 8 8 8 8 8 8 7 8 8 8 8 2 1 1 1 1 4 5 1 1 1 1 4 2 1 1 4 4 4 4 4
BIRD n° 9 :
99 3 3 3 3 3 3 3 3 1 3 6 3 3 3 3 1 4 3 3 3 3 1 8 8 8 7 8 8 8 8 8 8 7 8 8 8 8 8 8 7 8 8 8 8 8 8 8 8 8 8 8 9 3 7 7 9 1 7 1 9 9 3 3 3 1 3 6 1 3 8 8 8 8 8 8 8 8 8 1 3 4 1 3 3 3 6 2 1 7 3 1 1 3 3 3 6 3 3 3
BIRD n° 10 :
99 3 3 1 3 3 3 3 6 3 3 3 3 3 3 3 3 3 3 3 6 3 3 3 3 1 3 4 3 3 1 1 6 6 4 1 3 6 3 3 3 3 3 3 6 3 1 3 3 1 1 3 6 3 8 7 7 7 9 3 3 3 6 3 3 3 1 6 1 3 6 3 6 3 6 3 3 3 3 8 4 1 1 3 3 1 3 3 1 6 7 7 8 1 8 8 7 3 3 3
BIRD n° 11 :
99 3 9 9 7 7 2 2 2 7 7 8 7 8 8 3 3 1 6 1 1 7 9 3 1 7 1 3 3 3 3 1 9 8 7 8 3 3 3 9 3 7 7 1 3 9 9 1 3 9 1 3 7 1 7 2 7 8 3 3 3 3 3 7 9 3 7 3 9 1 9 9 1 3 3 3 9 9 1 1 8 8 1 3 6 3 3 6 3 3 3 3 3 3 7 9 1 9 3 7
BIRD n° 12 :
99 1 1 2 1 1 4 8 8 8 7 8 7 2 7 8 2 2 2 5 1 1 1 2 1 4 1 2 1 2 2 2 1 1 1 1 4 1 4 2 1 1 1 1 2 4 1 4 1 4 1 1 2 4 4 1 1 1 1 2 1 4 1 4 1 2 1 8 8 8 7 8 3 1 2 8 8 7 8 8 8 1 1 1 1 2 2 8 7 8 8 7 7 7 8 2 8 7 2 7
BIRD n° 13 :
99 8 8 8 7 8 8 8 7 8 7 8 8 8 8 8 8 8 8 8 8 2 8 8 8 8 3 9 7 3 3 9 1 3 1 1 3 8 8 8 8 8 8 8 8 8 8 8 8 7 8 8 8 8 8 8 8 8 8 8 8 2 8 8 8 8 7 8 8 8 7 8 8 3 3 2 8 8 8 8 8 7 8 8 7 8 8 7 8 8 8 8 8 6 6 3 1 1 3 1
My score: 29
GUESS: snipe skylark skylark skylark blackStork snipe swallow snipe snipe blackStork swallow skylark raven blackStork
We guessed 14/14 = 100 %
RVEAL: snipe skylark skylark skylark blackStork snipe swallow snipe snipe blackStork swallow skylark raven blackStork
My score: 43
=== ROUND n° 6 ===
# birds = 5
BIRD n° 0 :
99 8 8 8 8 8 7 8 8 8 8 8 8 8 8 8 8 8 8 7 8 8 2 1 8 1 9 1 3 7 4 3 3 6 3 3 3 1 8 3 9 8 7 8 8 8 1 3 3 3 8 8 8 8 7 9 3 3 3 1 1 1 3 3 3 3 1 6 3 1 3 1 1 1 6 3 1 3 1 6 3 3 6 3 3 1 3 1 3 3 3 6 1 2 8 8 7 8 7 1
BIRD n° 1 :
99 8 8 8 7 8 8 8 7 7 7 8 8 3 3 4 3 3 6 6 8 3 3 3 3 3 6 3 3 1 3 6 3 1 3 3 3 3 3 3 1 3 6 6 1 3 1 6 1 1 3 3 3 3 3 3 4 6 3 8 8 6 6 3 8 8 8 7 8 8 8 7 8 1 3 6 3 6 9 8 7 8 7 8 8 8 7 7 9 3 3 3 3 6 3 1 1 1 1 6
BIRD n° 2 :
99 6 3 6 6 3 1 3 4 1 3 6 4 3 3 6 4 6 3 3 8 1 3 6 1 1 8 8 8 8 8 8 8 8 8 8 1 3 3 3 3 6 1 3 3 6 3 6 8 8 7 8 6 1 6 3 3 3 6 3 4 3 3 3 1 6 3 3 6 3 6 3 7 7 8 8 8 8 8 7 6 6 3 3 3 6 3 3 3 3 3 3 3 3 4 1 3 3 1 6
BIRD n° 3 :
99 3 1 3 3 3 8 1 3 3 3 3 9 7 3 9 8 2 7 1 1 7 9 7 7 7 3 7 7 7 3 9 9 3 1 9 3 1 7 9 7 7 1 1 7 7 3 7 7 3 9 7 7 7 1 9 1 7 1 9 7 3 1 7 7 7 7 7 8 8 1 7 3 3 7 8 8 7 6 1 3 1 8 1 3 7 7 9 3 7 3 9 1 9 3 3 3 1 3 3
BIRD n° 4 :
99 1 1 1 5 4 1 4 1 2 7 8 8 8 2 8 7 8 7 8 8 8 3 7 8 8 8 3 3 3 2 8 8 8 8 8 8 8 7 8 1 1 4 1 1 1 2 4 1 5 4 1 5 1 1 4 4 4 1 1 2 1 4 4 4 1 1 1 1 1 1 7 8 1 1 4 1 1 1 1 5 2 1 1 6 3 3 1 3 3 3 3 3 8 8 8 8 2 2 3
My score: 43
GUESS: blackStork swallow swallow skylark snipe
We guessed 5/5 = 100 %
RVEAL: blackStork swallow swallow skylark snipe
My score: 48
=== ROUND n° 7 ===
# birds = 18
BIRD n° 0 :
99 3 3 3 3 3 3 1 3 3 1 3 3 3 3 3 3 3 3 3 3 3 6 3 3 3 3 3 6 3 3 3 8 8 8 1 1 3 3 3 8 8 3 1 1 3 8 8 8 8 8 8 7 8 8 8 8 8 8 7 7 8 8 7 8 8 7 7 8 8 7 8 8 8 8 1 3 3 6 3 3 3 8 7 8 3 9 9 3 3 7 7 9 3 1 9 3 7 1 7
BIRD n° 1 :
99 9 1 7 7 3 1 1 7 8 1 1 2 1 1 1 1 1 1 1 1 1 7 7 7 7 1 1 3 7 7 7 9 9 7 9 1 8 7 8 8 7 7 8 8 8 1 8 8 2 7 8 1 1 1 1 1 3 1 3 1 7 7 7 1 7 3 7 1 7 3 8 8 8 8 7 2 2 1 2 2 8 7 1 1 2 2 1 1 1 1 1 1 1 2 1 1 1 1 1
BIRD n° 2 :
99 1 1 1 1 1 1 1 4 3 3 3 3 3 3 8 2 3 3 3 3 3 3 3 3 6 3 3 3 3 3 3 3 3 3 3 3 3 3 3 8 8 2 7 8 8 8 1 8 8 7 8 7 8 8 1 8 1 8 8 8 2 7 2 8 7 8 8 1 8 8 2 1 7 8 8 7 8 7 1 8 7 8 7 2 3 3 3 3 1 4 1 8 8 8 7 2 8 8 8
BIRD n° 3 :
99 7 7 2 2 7 9 1 1 7 9 7 3 9 3 9 9 7 3 8 7 8 8 7 8 8 3 3 3 3 7 9 9 7 9 3 3 9 1 3 2 3 3 7 9 3 7 7 1 1 7 3 8 2 7 8 8 2 8 7 9 7 1 9 9 3 9 3 8 8 3 3 1 3 3 3 3 9 3 3 1 3 3 3 9 3 9 1 1 9 1 3 7 7 9 8 3 3 3 3
BIRD n° 4 :
99 7 7 9 9 7 7 9 7 7 3 9 7 1 9 1 1 9 7 3 7 1 9 3 8 8 8 7 8 3 3 1 9 7 1 7 1 1 3 3 1 1 7 7 3 2 8 1 9 9 1 1 9 3 3 9 3 1 9 9 1 9 1 1 9 7 9 8 7 8 2 7 8 8 7 8 2 8 8 7 8 3 7 1 9 7 1 1 1 8 7 7 7 1 7 8 2 8 7 8
BIRD n° 5 :
99 1 8 8 1 2 1 2 1 1 1 1 1 2 1 1 4 4 1 1 1 2 4 1 1 1 1 1 1 1 1 1 1 1 4 4 1 1 1 1 1 1 1 1 4 1 1 1 1 1 1 1 1 1 1 1 1 1 4 2 1 1 1 1 1 2 1 7 1 7 8 2 8 2 8 7 1 8 7 8 8 8 8 8 7 8 8 7 8 7 8 8 7 7 8 8 7 8 1 1
BIRD n° 6 :
99 8 8 8 8 8 8 7 8 8 8 2 8 8 8 8 8 8 8 8 8 8 8 8 8 2 8 8 8 8 8 8 7 8 8 8 8 8 8 8 7 8 8 8 8 8 8 7 8 8 8 8 8 9 7 1 3 8 8 8 8 8 8 8 7 8 8 8 8 8 8 3 3 3 3 1 3 3 3 1 4 3 3 3 1 3 6 3 1 1 3 3 8 7 8 8 8 2 8 8
BIRD n° 7 :
99 8 2 8 8 1 8 7 8 7 8 7 2 1 8 8 8 8 8 8 8 1 7 2 7 1 8 3 3 3 1 8 8 7 8 2 7 8 8 8 8 7 8 8 7 2 8 7 7 2 8 8 8 8 8 8 7 2 8 8 7 7 8 8 8 8 2 7 2 2 8 1 1 1 4 1 1 2 1 1 1 2 1 4 1 1 1 2 1 1 1 1 1 1 1 1 1 1 1 2
BIRD n° 8 :
99 8 3 1 6 3 3 6 1 3 3 6 3 3 3 3 1 1 6 3 3 6 3 3 3 3 6 3 3 6 4 3 3 3 3 4 3 3 3 3 3 4 3 3 6 3 3 3 3 1 3 3 3 3 1 3 6 6 3 4 3 3 6 7 8 8 9 3 7 1 7 9 3 6 3 3 3 3 8 8 7 1 1 4 3 8 7 7 8 8 8 8 8 7 8 7 3 1 6 6
BIRD n° 9 :
99 7 8 7 7 1 7 1 9 3 7 3 7 3 9 1 3 1 1 9 1 1 7 1 7 9 9 2 2 1 2 1 1 1 1 1 7 7 2 8 7 8 1 1 1 1 1 4 7 7 8 7 8 2 2 1 1 1 1 1 1 2 1 3 1 1 1 3 9 9 1 8 9 3 7 9 7 1 1 1 7 7 3 1 3 9 9 7 9 3 8 8 8 2 1 9 8 8 8 8
BIRD n° 10 :
99 1 5 2 6 3 3 8 8 8 8 8 8 2 8 8 8 8 2 8 8 1 1 2 8 8 8 8 1 1 1 1 1 1 4 1 4 2 1 1 4 1 1 1 1 1 1 1 4 4 4 1 1 1 1 1 4 2 6 3 6 6 3 3 3 2 1 1 1 1 6 3 3 3 3 6 6 6 6 3 8 8 8 2 8 8 8 2 1 4 3 4 1 1 1 1 1 1 1 1
BIRD n° 11 :
99 1 1 4 8 8 8 8 8 8 2 8 1 4 4 1 1 1 1 1 1 1 3 3 3 8 2 1 1 1 1 2 4 2 2 4 4 1 1 1 4 3 3 3 1 4 1 4 1 1 1 1 4 4 4 1 3 3 3 3 3 6 3 3 8 8 8 2 5 1 1 1 1 1 7 7 8 8 8 1 1 6 3 8 8 2 2 8 8 8 8 8 8 8 2 2 1 2 8 2
BIRD n° 12 :
99 7 7 8 9 3 9 1 8 7 8 7 7 1 7 7 7 7 7 8 1 8 7 8 3 7 1 1 1 9 1 8 2 7 8 2 7 1 7 1 8 8 8 1 9 3 3 7 1 8 7 8 8 7 2 2 7 1 1 2 7 7 8 8 8 1 8 8 8 8 2 8 7 8 7 1 7 7 7 8 8 8 7 8 2 2 8 8 2 8 7 8 1 2 1 1 1 7 9 3
BIRD n° 13 :
99 3 3 3 3 6 3 3 1 3 6 1 1 3 4 4 6 1 6 3 6 3 6 3 6 3 1 1 3 3 1 3 3 6 3 3 3 6 3 4 3 3 3 6 3 3 1 3 6 1 1 3 1 1 3 4 3 8 7 1 7 3 7 1 3 3 3 3 3 3 1 3 3 3 3 1 8 8 8 1 3 1 3 7 9 7 9 3 9 9 3 9 7 7 7 8 8 8 8 8
BIRD n° 14 :
99 1 8 9 3 7 8 9 1 9 7 1 1 9 9 1 9 1 3 7 7 1 3 3 7 1 9 7 1 9 1 1 3 7 7 3 1 8 2 8 8 1 8 8 8 8 8 7 7 2 1 3 3 7 7 3 9 9 3 7 9 1 1 1 9 9 9 1 7 1 1 9 3 7 9 1 7 9 3 8 8 8 8 8 7 8 2 1 1 2 1 4 1 1 1 1 1 1 2 2
BIRD n° 15 :
99 8 8 7 8 8 8 8 8 8 1 1 1 1 6 8 3 3 1 3 3 6 8 8 8 8 8 7 8 8 8 8 3 3 3 8 8 8 8 8 8 7 7 8 7 7 1 7 1 3 3 1 3 8 8 8 8 7 3 1 9 3 8 8 2 8 7 2 8 8 8 8 8 7 8 7 8 8 8 8 8 8 8 2 8 8 8 8 8 2 8 8 8 3 1 3 3 6 3 6
BIRD n° 16 :
99 7 7 7 1 1 1 1 2 4 1 4 1 2 1 4 1 5 1 1 1 2 1 1 2 4 1 1 1 1 1 4 4 1 1 1 1 1 1 4 1 4 1 4 1 1 1 2 4 1 4 1 2 1 1 2 1 1 4 1 1 1 1 1 1 1 1 1 1 4 1 1 2 4 2 1 4 1 1 1 8 1 2 8 8 8 8 2 8 8 2 7 2 7 2 7 2 8 2 8
BIRD n° 17 :
99 8 8 3 4 8 7 8 1 3 1 3 8 8 8 8 6 3 3 3 3 6 1 3 1 3 1 3 3 3 3 3 1 4 3 1 3 3 6 3 3 8 9 3 7 1 7 7 3 3 8 8 8 8 8 8 8 8 8 3 4 7 8 3 1 3 3 6 3 3 1 3 3 3 3 3 6 1 6 3 1 6 6 1 7 9 3 9 7 1 3 9 3 3 1 3 3 3 3 3
My score: 48
GUESS: blackStork pigeon blackStork skylark pigeon raven blackStork raven swallow pigeon snipe snipe pigeon swallow pigeon blackStork raven swallow
We guessed 18/18 = 100 %
RVEAL: blackStork pigeon raven skylark pigeon raven blackStork raven swallow pigeon snipe snipe pigeon swallow pigeon blackStork raven blackStork
My score: 62
=== ROUND n° 8 ===
# birds = 15
BIRD n° 0 :
99 2 8 7 8 2 8 8 1 7 7 8 7 2 8 1 7 1 8 8 8 7 7 2 2 2 8 8 8 7 7 7 1 7 2 8 8 8 8 8 8 1 8 7 1 8 3 3 3 3 3 3 3 1 1 4 4 1 1 1 2 1 2 1 1 1 1 1 1 2 1 1 2 1 1 1 1 1 1 1 1 1 1 2 4 1 1 1 1 1 4 1 1 4 1 1 2 1 1 1
BIRD n° 1 :
99 1 1 2 7 7 1 3 7 8 8 2 8 1 1 1 2 1 1 1 1 1 9 7 1 7 9 1 9 7 3 1 3 7 3 9 3 3 1 1 3 7 1 7 9 1 7 3 3 1 3 1 7 8 8 2 8 8 8 8 8 8 8 1 1 1 1 1 1 7 7 9 1 9 9 7 2 2 2 1 1 1 2 7 1 1 1 1 1 1 1 1 1 4 3 8 8 1 1 1
BIRD n° 2 :
99 1 3 9 7 9 3 1 1 3 3 7 1 7 7 7 3 7 3 7 9 3 9 9 9 7 2 8 1 3 3 7 8 7 8 2 1 9 7 8 8 2 7 8 8 8 1 1 1 1 1 1 1 1 1 2 1 1 1 2 4 1 1 2 1 1 1 1 2 8 2 8 8 2 1 3 3 2 8 8 7 2 1 1 1 8 7 8 7 1 1 1 1 1 8 1 1 1 2 1
BIRD n° 3 :
99 1 4 1 4 1 5 4 1 4 1 1 1 1 1 1 2 1 1 3 3 3 6 3 8 2 3 3 6 6 3 3 6 3 3 3 6 3 3 8 8 8 8 2 8 8 7 8 1 8 2 8 8 8 8 8 8 4 3 3 3 3 3 4 1 1 1 5 1 4 5 2 2 4 1 1 2 1 1 1 1 2 6 6 3 3 6 3 3 6 6 3 3 3 3 3 8 8 8 8
BIRD n° 4 :
99 4 1 1 1 1 1 4 2 1 4 1 8 2 8 8 4 6 3 6 4 1 1 1 4 4 4 1 4 2 2 8 8 8 8 8 8 8 8 8 8 8 8 8 8 8 8 8 1 8 7 8 8 8 8 4 1 1 1 1 1 1 1 1 4 3 3 4 1 1 4 1 4 1 4 4 4 2 1 1 1 4 8 8 8 2 8 8 8 8 8 8 8 8 8 8 8 2 1 7
BIRD n° 5 :
99 1 9 8 8 2 2 9 7 3 1 9 9 9 9 1 3 7 3 9 8 8 7 2 8 8 3 7 9 3 9 7 9 7 3 9 9 1 1 3 1 3 3 9 7 3 3 6 3 3 1 3 3 9 1 3 9 9 1 7 9 7 1 9 7 9 1 3 7 1 7 8 3 3 3 6 3 3 3 1 9 7 3 7 9 7 1 9 7 3 3 3 3 3 3 1 8 7 3 3
BIRD n° 6 :
99 3 6 6 6 4 3 3 1 3 1 1 3 6 3 1 6 3 4 6 7 8 2 8 8 8 8 2 1 8 8 7 8 8 8 8 7 8 3 3 1 3 3 3 6 3 8 8 8 7 7 8 8 8 8 8 8 3 3 1 3 7 7 8 7 8 6 6 1 3 6 8 7 8 8 9 7 3 9 1 9 9 7 9 1 1 7 1 3 3 1 3 6 3 3 3 3 8 8 8
BIRD n° 7 :
99 6 3 3 3 3 3 1 8 8 1 7 9 9 6 4 6 3 8 7 8 3 6 6 1 6 3 3 6 1 3 6 1 1 3 3 3 3 6 3 1 6 3 6 8 8 8 8 8 7 8 8 8 3 3 1 6 1 3 3 3 1 3 3 6 3 3 6 6 6 6 6 1 9 9 1 1 7 9 9 7 7 7 1 3 3 3 6 4 4 3 3 3 6 3 1 6 3 3 3
BIRD n° 8 :
99 3 7 8 8 8 8 8 8 8 8 2 8 8 2 2 7 8 1 2 1 1 5 4 2 4 2 4 1 1 1 1 1 1 1 4 1 5 1 2 3 6 8 8 8 8 8 7 8 7 8 8 8 8 8 8 8 8 8 8 8 8 8 8 8 8 8 8 8 8 8 8 8 8 8 8 2 8 7 8 8 7 8 8 8 8 8 1 1 4 4 1 1 1 1 1 3 6 3 3
BIRD n° 9 :
99 1 1 1 1 4 1 1 4 5 1 2 1 1 4 1 1 1 3 3 3 6 3 1 1 2 2 1 1 2 1 1 2 4 4 4 2 1 5 2 2 1 1 1 1 1 1 1 1 3 3 3 3 6 3 1 1 1 1 1 1 8 2 7 8 2 8 7 8 7 7 8 7 1 7 1 1 1 1 1 2 1 1 1 1 1 1 2 4 4 1 1 1 1 1 1 4 1 1 1
BIRD n° 10 :
99 3 8 8 8 8 7 8 8 7 8 7 8 8 8 8 8 3 3 3 6 3 3 4 1 8 2 8 8 4 3 1 6 3 3 3 3 6 3 4 6 1 6 6 3 3 3 3 3 3 1 6 8 8 8 8 7 8 3 7 9 3 6 4 8 8 3 3 3 1 3 6 6 3 3 3 3 3 6 6 6 6 6 3 1 3 3 3 6 3 3 3 1 3 3 3 1 3 3 6
BIRD n° 11 :
99 8 7 8 8 8 7 8 8 7 7 7 8 8 3 3 3 3 3 3 3 8 7 2 2 2 8 8 8 7 1 8 8 2 2 8 8 8 8 7 7 8 7 1 8 8 7 7 2 8 8 1 2 2 8 6 3 3 3 8 8 7 8 8 8 8 8 2 7 7 8 8 7 2 7 8 7 2 8 7 7 3 3 8 7 7 7 7 2 8 7 7 2 7 8 8 8 7 7 7
BIRD n° 12 :
99 7 8 2 7 8 2 7 2 8 7 8 8 8 8 7 1 4 1 1 2 4 2 4 4 1 1 1 1 1 1 1 4 4 2 3 1 1 4 1 2 1 1 4 1 1 1 4 1 1 1 2 7 7 8 8 7 8 8 8 4 4 4 1 1 3 3 2 8 8 8 8 8 8 8 8 1 6 6 3 1 3 3 3 6 3 8 6 3 3 3 3 3 1 1 1 6 6 3 1
BIRD n° 13 :
99 8 7 7 7 1 7 1 8 1 8 1 8 1 1 4 2 2 1 1 1 1 1 1 1 1 1 1 8 8 8 1 1 8 7 8 8 8 2 2 2 7 8 8 8 7 8 8 7 7 2 8 7 2 7 7 8 7 1 1 2 1 1 1 1 4 2 1 1 1 1 1 2 1 4 1 1 1 1 1 1 2 1 1 1 1 1 1 1 1 1 1 1 1 4 1 1 1 1 1
BIRD n° 14 :
99 7 8 1 1 7 9 1 7 9 9 3 1 9 1 7 3 7 7 9 8 7 1 1 1 1 1 1 1 7 1 1 1 9 7 1 1 3 1 7 3 1 8 7 2 7 7 8 8 8 8 7 1 1 2 1 1 2 1 1 2 1 2 1 1 1 1 1 1 1 7 9 1 3 7 9 1 1 1 2 1 8 8 8 8 8 8 1 1 8 8 8 1 1 1 1 1 1 1 1
My score: 62
GUESS: raven pigeon pigeon snipe snipe skylark blackStork swallow snipe raven swallow blackStork snipe raven pigeon
We guessed 15/15 = 100 %
RVEAL: raven pigeon pigeon snipe snipe skylark swallow swallow snipe raven swallow raven snipe raven pigeon
My score: 73
=== ROUND n° 9 ===
# birds = 19
BIRD n° 0 :
99 7 1 1 2 1 1 1 1 2 1 1 1 1 7 7 1 1 7 9 7 7 7 3 1 7 7 3 1 9 7 1 7 8 2 1 1 1 7 9 1 1 3 3 1 3 9 1 7 1 9 8 8 7 7 7 9 1 8 7 2 7 8 7 8 8 8 7 1 1 2 1 8 8 8 8 9 7 1 7 3 9 1 7 2 7 8 9 8 1 1 1 2 8 2 1 1 1 1 1
BIRD n° 1 :
99 1 3 8 1 1 7 3 3 3 1 3 3 3 3 6 3 3 1 3 1 3 4 3 1 8 8 7 3 3 3 3 3 1 3 3 8 8 8 7 8 8 8 8 8 8 8 2 8 8 8 1 3 3 3 3 3 3 7 8 8 2 8 8 8 8 2 8 8 8 8 8 8 1 4 3 1 3 3 1 8 8 8 8 8 8 7 8 8 3 3 3 3 3 3 3 3 8 8 8
BIRD n° 2 :
99 7 8 8 8 8 8 8 7 8 8 8 8 8 8 8 7 2 7 8 8 8 8 8 8 8 8 8 8 3 8 8 2 8 8 8 7 7 8 8 8 8 8 8 8 8 8 8 8 8 8 8 8 9 1 3 3 3 3 4 1 3 3 1 3 3 3 3 3 3 1 3 6 8 8 8 8 8 8 2 8 8 8 7 8 8 8 8 8 8 8 8 8 8 8 8 8 8 8 8
BIRD n° 3 :
99 8 2 8 8 8 2 8 7 8 4 4 3 3 3 3 3 3 3 1 3 3 3 3 1 3 3 3 8 8 8 8 7 9 3 9 3 9 7 3 9 9 3 8 7 8 8 8 8 8 8 8 8 8 1 3 1 1 2 8 8 8 8 2 8 8 7 8 8 8 8 3 1 3 3 3 3 3 3 3 3 2 8 8 8 8 8 8 8 8 7 1 8 8 3 6 8 3 3 3
BIRD n° 4 :
99 7 9 1 8 7 2 7 8 2 8 7 3 7 1 1 9 3 3 3 3 1 7 8 2 2 8 3 7 7 1 1 7 1 7 7 9 1 9 9 9 9 7 3 3 9 9 1 9 8 1 1 7 7 2 8 7 8 7 8 9 1 1 3 7 1 3 3 3 9 9 9 9 1 2 2 8 7 1 7 7 8 1 7 1 7 8 8 7 1 1 8 7 8 2 8 7 3 1 7
BIRD n° 5 :
99 3 3 3 3 3 1 3 3 3 3 3 3 3 3 3 6 3 1 3 3 3 3 1 3 3 3 3 7 1 1 3 7 1 1 3 7 1 7 9 7 7 7 1 3 9 3 8 1 1 7 2 7 2 2 8 3 3 3 3 1 3 9 9 9 3 9 8 7 8 8 7 3 8 8 7 2 7 7 3 3 1 3 1 3 3 7 1 9 7 7 3 1 3 3 9 3 1 9 3
BIRD n° 6 :
99 1 1 9 9 3 7 1 3 1 7 7 1 1 3 3 3 3 3 1 3 3 3 3 3 4 3 6 6 3 3 6 3 3 3 3 8 8 3 1 3 1 1 8 9 7 3 1 9 7 9 1 1 8 8 8 8 8 8 8 8 8 8 8 9 7 1 1 6 3 3 1 3 1 3 3 1 3 8 7 8 7 8 8 8 8 7 8 8 3 1 6 1 3 3 3 3 1 3 3
BIRD n° 7 :
99 8 8 8 8 8 2 8 8 8 8 8 8 8 2 7 8 8 8 1 4 4 4 4 6 1 1 4 1 2 2 4 1 1 1 1 4 1 1 2 1 3 3 3 1 1 1 2 8 8 8 8 3 3 3 3 3 3 3 3 3 3 6 3 1 6 5 4 2 4 4 1 1 1 6 6 3 2 8 8 7 8 8 8 8 7 8 2 8 8 8 8 8 8 8 2 8 8 8 7
BIRD n° 8 :
99 2 7 8 2 8 8 8 8 1 1 1 4 8 2 2 8 1 8 6 6 3 6 3 3 3 3 3 3 6 3 3 3 3 3 6 3 6 6 1 1 1 4 1 4 1 1 1 6 3 8 8 4 5 1 4 1 4 4 1 1 1 2 1 4 4 8 8 8 7 8 8 8 8 1 8 8 8 8 8 8 8 8 1 6 3 6 4 1 3 3 3 3 3 3 3 1 3 3 6
BIRD n° 9 :
99 8 8 2 1 4 1 4 5 3 3 3 3 2 8 7 8 2 8 8 8 8 8 1 1 3 3 3 3 3 3 3 3 4 4 4 1 1 4 1 1 1 1 1 3 6 3 3 3 3 6 1 2 4 1 1 4 1 1 1 4 1 1 4 1 1 4 1 1 2 1 4 1 3 6 8 8 8 8 1 4 1 1 1 6 3 3 8 8 8 8 8 8 8 8 8 8 8 7 8
BIRD n° 10 :
99 7 3 3 1 7 9 8 8 3 3 3 3 3 9 8 1 9 7 8 9 9 9 7 2 8 7 7 8 9 9 9 2 3 3 3 3 3 3 3 7 2 8 8 8 7 1 3 3 9 1 3 3 9 7 7 7 1 3 7 3 9 7 9 7 9 9 3 7 7 7 3 3 1 3 1 7 7 8 2 8 3 7 3 3 9 7 3 9 3 3 9 9 9 9 9 3 9 1 7
BIRD n° 11 :
99 4 1 1 1 4 2 1 1 1 1 1 2 1 4 1 2 1 1 1 1 4 1 1 1 1 4 1 1 1 1 1 1 1 1 2 4 2 1 1 4 2 1 1 1 4 1 4 1 4 5 5 1 1 2 1 1 1 1 1 4 4 1 1 1 4 8 8 8 1 1 1 1 1 1 1 1 1 1 1 1 4 1 4 1 1 1 1 1 1 1 1 1 1 1 1 2 2 4 1
BIRD n° 12 :
99 8 8 8 8 2 8 8 8 8 8 7 8 9 1 9 6 3 6 3 6 3 8 8 8 2 1 3 6 1 3 3 3 4 3 6 3 3 1 3 3 3 3 1 3 3 1 3 3 6 3 1 1 3 1 3 3 1 3 3 1 8 8 8 3 9 7 9 9 9 9 1 3 3 3 3 8 8 8 8 8 7 8 7 7 8 8 8 8 8 8 8 8 8 8 8 8 7 8 8
BIRD n° 13 :
99 8 8 8 1 8 8 8 8 1 7 8 8 8 8 1 7 8 2 8 8 1 7 8 3 3 3 2 8 7 1 2 2 3 3 3 1 8 2 8 8 8 8 8 2 5 2 1 1 1 1 1 2 1 1 1 1 1 1 1 1 1 1 1 1 1 1 4 1 1 1 1 1 1 4 1 2 2 8 8 7 8 8 2 8 8 8 7 2 8 3 1 3 3 3 3 3 3 3 1
BIRD n° 14 :
99 1 4 2 1 1 1 1 1 1 1 1 1 1 1 1 1 1 2 1 1 1 1 1 1 1 1 2 3 3 3 3 8 8 1 8 1 8 7 2 7 8 8 7 8 8 1 2 7 8 2 8 8 1 1 3 3 3 3 3 3 3 3 3 3 3 3 3 3 3 3 3 3 3 3 7 7 8 2 7 7 2 7 8 7 8 8 7 1 8 7 8 7 8 1 8 1 1 1 1
BIRD n° 15 :
99 3 1 3 3 1 8 8 8 8 8 8 8 8 1 7 8 8 8 8 8 8 8 8 8 7 8 8 8 8 8 8 8 8 7 7 9 1 1 7 9 1 3 3 1 8 8 8 8 8 8 8 8 3 3 3 1 6 3 1 1 3 3 1 1 3 6 3 8 8 8 1 8 8 8 8 8 8 8 2 6 3 3 3 3 3 3 3 3 3 3 3 3 3 1 3 1 3 3 1
BIRD n° 16 :
99 8 2 8 8 7 8 8 8 8 8 8 7 8 2 3 3 6 1 1 3 3 8 8 8 8 8 8 7 8 7 8 8 8 7 8 7 8 8 8 8 8 8 7 8 8 8 8 7 8 8 8 8 8 8 8 8 8 8 8 3 1 1 3 3 3 3 1 3 3 3 1 8 8 8 8 3 3 3 3 1 1 3 3 4 3 3 3 3 3 8 8 8 8 8 8 8 8 2 8
BIRD n° 17 :
99 1 3 3 4 3 1 3 3 6 6 3 6 6 3 1 3 3 1 6 6 6 6 3 1 3 6 3 3 3 3 3 3 3 3 6 1 3 1 3 3 3 1 8 7 7 8 3 6 6 3 4 3 3 3 1 3 7 7 7 3 6 3 3 6 3 4 7 8 8 7 8 8 8 8 8 8 8 7 7 3 1 7 8 7 3 3 3 8 8 8 8 8 8 8 8 1 6 3 1
BIRD n° 18 :
99 8 7 8 8 7 8 6 3 3 8 8 7 8 8 8 8 8 8 8 8 2 8 8 8 8 7 8 8 8 8 8 8 3 8 8 8 1 1 3 1 3 3 1 6 1 8 8 8 3 8 8 7 8 8 2 8 8 8 8 8 8 2 8 8 8 8 8 7 8 7 6 3 3 8 8 8 8 2 8 8 8 8 8 8 8 8 8 8 8 8 1 9 1 3 1 7 7 3 1
My score: 73
GUESS: pigeon blackStork blackStork blackStork pigeon skylark blackStork snipe snipe snipe skylark raven blackStork raven raven blackStork blackStork swallow blackStork
We guessed 19/19 = 100 %
RVEAL: pigeon blackStork blackStork blackStork skylark skylark blackStork snipe snipe snipe skylark raven blackStork raven raven blackStork blackStork swallow blackStork
My score: 90
Final score: 90