5 5 0.369154 0.0212699 0.327224 0.0827445 0.199607 0.183801 0.0345537 0.284339 0.340415 0.156891 0.0220786 0.218586 0.0388818 0.388789 0.331665
0.118266 0.243844 0.301281 0.326954 0.00965457
0.11529 0.361623 0.201442 0.309749 0.0118963

5 10 0.189711 0.151194 0.215349 0.182063 0.0238149 3.75857e+08 1.28005e+09 3.14721e+08 2.57977e+08 5.47793e+07
0.119524 0.0103525 0.118309 0.0843064 0.140927 9.85629e+08 1.92782e+09 1.81802e+09 1.01573e+09 1.09457e+09
0.132094 0.156817 0.0754928 0.153116 0.21589 5.92637e+08 4.15694e+08 8.05494e+08 1.97672e+08 1.099e+08
0.0292926 0.104763 0.154666 0.185555 0.117739 3.62635e+07 1.74314e+09 1.01825e+09 4.82618e+08 3.20638e+08
0.145471 0.09051 0.158955 0.19914 0.0527235 8.48672e+08 5.17527e+07 7.65502e+07 2.36188e+08 1.05377e+09

1 5 0.0333513 0.114739 0.0849262 0.0644322 0.165511 

99 0 0 0 0 0 0 0 0 0 0
0 0 0 0 0 0 0 0 0 0
0 0 0 0 0 0 0 0 0 0
0 0 0 0 0 0 0 0 0 0
0 0 0 0 0 0 0 0 0 0
0 0 0 0 0 0 0 0 0 0
0 0 0 0 0 0 0 0 0 0
0 0 0 0 0 0 0 0 0 0
0 0 0 0 0 0 0 0 0 0
0 0 0 0 0 0 0 0 0